=== Global evaluation ===
Accuracy: 0.7521367521367521
F1-score: 0.8465608465608465

=== False Positives (FP) and False Negatives (FN) by Sex ===
Sex = 1 → FPs: 18 (21.18%), FNs: 3 (3.53%)
Sex = 0 → FPs: 4 (12.50%), FNs: 4 (12.50%)

=== Percentage of correct answers per subgroup of Sex ===
Sex = 1: 64/85 corrects → 75.29%
Sex = 0: 24/32 corrects → 75.00%
